x0,x1,x2,x3,x4,x5,y0,y1,y2,y3,y4,y5
2,0,0,3,6,0,2,1,5,3,6,9
0,1,1,6,0,0,5,1,1,6,2,8
2,0,0,4,4,0,2,2,2,4,4,8
0,3,0,5,6,0,2,3,3,5,6,11
4,0,2,0,3,0,4,1,2,5,3,8
0,0,4,6,5,0,5,1,4,6,5,11
1,0,10,7,0,0,1,6,10,7,16,23
5,1,10,0,0,0,5,1,10,6,11,17
6,5,1,0,0,0,6,5,1,11,6,17
1,0,2,14,0,0,1,13,2,14,15,29
4,6,0,0,7,0,4,6,1,10,7,17
3,2,0,0,0,12,3,2,5,5,7,12
0,0,2,0,4,10,4,2,2,6,4,10
0,2,0,6,0,13,4,2,5,6,7,13
1,0,3,13,0,0,1,12,3,13,15,28
7,11,2,0,0,0,7,11,2,18,13,31
0,3,4,8,0,0,5,3,4,8,7,15
5,0,1,0,15,0,5,14,1,19,15,34
0,1,9,11,0,0,10,1,9,11,10,21
3,9,10,0,0,0,3,9,10,12,19,31
0,1,0,6,0,10,5,1,3,6,4,10
19,1,3,0,0,0,19,1,3,20,4,24
0,4,5,11,0,0,7,4,5,11,9,20
1,11,11,0,0,0,1,11,11,12,22,34
4,12,1,0,0,0,4,12,1,16,13,29
0,6,0,8,7,0,2,6,1,8,7,15
0,0,10,7,13,0,4,3,10,7,13,20
0,4,0,6,0,14,2,4,4,6,8,14
8,0,6,10,0,0,8,2,6,10,8,18
5,0,6,0,8,0,5,2,6,7,8,15
18,0,3,0,6,0,18,3,3,21,6,27
3,0,0,5,8,0,3,2,6,5,8,13
5,1,0,0,0,21,5,1,14,6,15,21
0,3,10,8,0,0,5,3,10,8,13,21
0,8,3,15,0,0,7,8,3,15,11,26
13,2,4,0,0,0,13,2,4,15,6,21
6,0,7,0,15,0,6,8,7,14,15,29
5,0,10,10,0,0,5,5,10,10,15,25
3,11,11,0,0,0,3,11,11,14,22,36
1,0,13,4,0,0,1,3,13,4,16,20
0,0,2,9,9,0,2,7,2,9,9,18
4,12,5,0,0,0,4,12,5,16,17,33
3,0,19,7,0,0,3,4,19,7,23,30
10,1,0,0,10,0,10,1,9,11,10,21
1,16,4,0,0,0,1,16,4,17,20,37
0,1,0,10,11,0,9,1,10,10,11,21
1,1,21,0,0,0,1,1,21,2,22,24
0,1,0,11,0,21,10,1,9,11,10,21
2,2,17,0,0,0,2,2,17,4,19,23
0,0,2,14,8,0,8,6,2,14,8,22
0,0,5,11,14,0,2,9,5,11,14,25
0,0,2,0,3,23,19,1,2,20,3,23
9,2,15,0,0,0,9,2,15,11,17,28
0,1,11,19,0,0,18,1,11,19,12,31
3,7,19,0,0,0,3,7,19,10,26,36
4,6,0,0,11,0,4,6,5,10,11,21
0,4,0,15,14,0,11,4,10,15,14,29
9,10,5,0,0,0,9,10,5,19,15,34
1,0,2,25,0,0,1,24,2,25,26,51
5,23,2,0,0,0,5,23,2,28,25,53
0,2,0,0,6,19,11,2,4,13,6,19
0,11,7,15,0,0,4,11,7,15,18,33
4,16,5,0,0,0,4,16,5,20,21,41
9,18,2,0,0,0,9,18,2,27,20,47
0,5,8,13,0,0,8,5,8,13,13,26
4,6,0,0,0,20,4,6,4,10,10,20
2,0,4,23,0,0,2,21,4,23,25,48
0,5,0,7,0,17,2,5,5,7,10,17
0,4,16,6,0,0,2,4,16,6,20,26
0,7,4,19,0,0,12,7,4,19,11,30
3,0,11,19,0,0,3,16,11,19,27,46
4,3,0,0,19,0,4,3,16,7,19,26
4,18,4,0,0,0,4,18,4,22,22,44
0,0,4,11,11,0,4,7,4,11,11,22
14,5,9,0,0,0,14,5,9,19,14,33
0,2,4,23,0,0,21,2,4,23,6,29
8,0,14,10,0,0,8,2,14,10,16,26
0,0,1,0,6,29,18,5,1,23,6,29
0,3,10,16,0,0,13,3,10,16,13,29
0,2,0,0,5,31,24,2,3,26,5,31
5,0,12,0,15,0,5,3,12,8,15,23
0,0,2,12,11,0,3,9,2,12,11,23
0,4,5,17,0,0,13,4,5,17,9,26
6,6,19,0,0,0,6,6,19,12,25,37
6,0,10,0,21,0,6,11,10,17,21,38
9,0,4,19,0,0,9,10,4,19,14,33
7,3,20,0,0,0,7,3,20,10,23,33
0,7,18,10,0,0,3,7,18,10,25,35
0,6,13,10,0,0,4,6,13,10,19,29
9,0,8,15,0,0,9,6,8,15,14,29
5,0,0,0,14,21,5,2,12,7,14,21
14,0,6,0,9,0,14,3,6,17,9,26
14,0,5,0,15,0,14,10,5,24,15,39
15,13,7,0,0,0,15,13,7,28,20,48
3,0,10,0,17,0,3,7,10,10,17,27
13,15,7,0,0,0,13,15,7,28,22,50
3,24,6,0,0,0,3,24,6,27,30,57
13,19,3,0,0,0,13,19,3,32,22,54
0,4,14,12,0,0,8,4,14,12,18,30
0,3,0,15,23,0,12,3,20,15,23,38
16,0,7,0,8,0,16,1,7,17,8,25
0,9,8,12,0,0,3,9,8,12,17,29
0,3,0,10,0,19,7,3,6,10,9,19
1,17,0,0,20,0,1,17,3,18,20,38
0,3,0,17,9,0,14,3,6,17,9,26
0,4,0,15,20,0,11,4,16,15,20,35
0,6,0,16,12,0,10,6,6,16,12,28
11,0,4,18,0,0,11,7,4,18,11,29
0,3,4,25,0,0,22,3,4,25,7,32
0,7,4,0,0,19,1,7,4,8,11,19
0,4,1,0,0,31,22,4,1,26,5,31
13,0,7,19,0,0,13,6,7,19,13,32
0,6,18,8,0,0,2,6,18,8,24,32
4,0,0,7,0,31,4,3,21,7,24,31
15,6,14,0,0,0,15,6,14,21,20,41
15,19,3,0,0,0,15,19,3,34,22,56
5,20,10,0,0,0,5,20,10,25,30,55
20,10,1,0,0,0,20,10,1,30,11,41
5,1,0,0,0,24,5,1,17,6,18,24
17,1,19,0,0,0,17,1,19,18,20,38
8,3,0,0,0,29,8,3,15,11,18,29
0,2,5,0,0,29,20,2,5,22,7,29
10,14,11,0,0,0,10,14,11,24,25,49
0,0,5,0,6,31,24,1,5,25,6,31
2,0,0,12,0,23,2,10,1,12,11,23
9,0,0,0,12,23,9,2,10,11,12,23
0,5,0,18,10,0,13,5,5,18,10,28
0,4,5,0,0,18,5,4,5,9,9,18
0,8,6,21,0,0,13,8,6,21,14,35
16,1,0,0,0,22,16,1,4,17,5,22
8,0,14,12,0,0,8,4,14,12,18,30
2,22,8,0,0,0,2,22,8,24,30,54
19,0,5,0,13,0,19,8,5,27,13,40
0,7,0,9,23,0,2,7,16,9,23,32
2,0,0,6,24,0,2,4,20,6,24,30
2,0,0,11,0,31,2,9,11,11,20,31
9,6,0,0,16,0,9,6,10,15,16,31
1,6,0,0,0,25,1,6,12,7,18,25
15,0,2,0,17,0,15,15,2,30,17,47
0,0,11,0,15,21,2,4,11,6,15,21
15,11,0,0,15,0,15,11,4,26,15,41
11,5,0,0,17,0,11,5,12,16,17,33
10,9,0,0,22,0,10,9,13,19,22,41
3,0,10,0,29,0,3,19,10,22,29,51
6,2,0,0,0,30,6,2,20,8,22,30
5,0,16,14,0,0,5,9,16,14,25,39
20,4,0,0,8,0,20,4,4,24,8,32
9,1,0,0,0,25,9,1,14,10,15,25
4,0,8,20,0,0,4,16,8,20,24,44
0,9,0,12,10,0,3,9,1,12,10,22
3,0,0,9,0,29,3,6,14,9,20,29
11,10,0,0,11,0,11,10,1,21,11,32
17,7,0,0,10,0,17,7,3,24,10,34
13,0,3,20,0,0,13,7,3,20,10,30
0,0,2,12,0,19,7,5,2,12,7,19
9,8,22,0,0,0,9,8,22,17,30,47
14,0,3,0,19,0,14,16,3,30,19,49
7,13,17,0,0,0,7,13,17,20,30,50
9,12,18,0,0,0,9,12,18,21,30,51
5,0,20,8,0,0,5,3,20,8,23,31
9,0,7,0,28,0,9,21,7,30,28,58
0,4,23,15,0,0,11,4,23,15,27,42
0,0,4,21,14,0,11,10,4,21,14,35
6,0,8,0,18,0,6,10,8,16,18,34
24,6,5,0,0,0,24,6,5,30,11,41
16,2,0,0,23,0,16,2,21,18,23,41
12,0,0,17,13,0,12,5,8,17,13,30
0,6,0,8,17,0,2,6,11,8,17,25
0,14,7,16,0,0,2,14,7,16,21,37
11,0,4,0,18,0,11,14,4,25,18,43
0,6,0,30,7,0,24,6,1,30,7,37
0,0,7,21,8,0,20,1,7,21,8,29
17,17,4,0,0,0,17,17,4,34,21,55
0,0,1,0,8,29,14,7,1,21,8,29
16,1,21,0,0,0,16,1,21,17,22,39
0,6,0,0,10,22,6,6,4,12,10,22
8,0,0,0,12,29,8,9,3,17,12,29
0,4,16,18,0,0,14,4,16,18,20,38
19,0,3,23,0,0,19,4,3,23,7,30
0,4,9,0,0,29,12,4,9,16,13,29
4,19,0,0,22,0,4,19,3,23,22,45
13,11,0,0,21,0,13,11,10,24,21,45
9,0,15,0,22,0,9,7,15,16,22,38
5,0,9,27,0,0,5,22,9,27,31,58
0,0,6,0,8,29,19,2,6,21,8,29
0,6,0,17,11,0,11,6,5,17,11,28
11,0,0,17,15,0,11,6,9,17,15,32
0,10,5,21,0,0,11,10,5,21,15,36
0,17,3,27,0,0,10,17,3,27,20,47
0,7,0,24,12,0,17,7,5,24,12,36
0,9,7,31,0,0,22,9,7,31,16,47
10,24,4,0,0,0,10,24,4,34,28,62
0,12,0,15,20,0,3,12,8,15,20,35
6,10,0,0,0,28,6,10,2,16,12,28
13,23,5,0,0,0,13,23,5,36,28,64
13,0,4,0,19,0,13,15,4,28,19,47
21,11,9,0,0,0,21,11,9,32,20,52
1,0,15,0,24,0,1,9,15,10,24,34
19,1,21,0,0,0,19,1,21,20,22,42
0,0,5,12,16,0,1,11,5,12,16,28
0,1,0,16,19,0,15,1,18,16,19,35
18,13,14,0,0,0,18,13,14,31,27,58
19,13,0,0,15,0,19,13,2,32,15,47
0,9,6,29,0,0,20,9,6,29,15,44
0,13,4,27,0,0,14,13,4,27,17,44
16,0,5,0,23,0,16,18,5,34,23,57
0,15,1,26,0,0,11,15,1,26,16,42
4,0,0,13,0,28,4,9,6,13,15,28
0,6,0,0,12,25,7,6,6,13,12,25
0,3,0,8,0,27,5,3,16,8,19,27
0,0,8,0,11,23,9,3,8,12,11,23
0,12,18,13,0,0,1,12,18,13,30,43
0,0,6,0,9,31,19,3,6,22,9,31
0,9,0,0,15,29,5,9,6,14,15,29
11,0,0,21,14,0,11,10,4,21,14,35
2,0,0,12,30,0,2,10,20,12,30,42
3,0,18,0,28,0,3,10,18,13,28,41
0,2,0,15,0,25,13,2,8,15,10,25
2,0,0,0,15,27,2,10,5,12,15,27
0,5,2,0,0,34,22,5,2,27,7,34
0,0,5,25,14,0,16,9,5,25,14,39
0,14,0,18,15,0,4,14,1,18,15,33
4,12,24,0,0,0,4,12,24,16,36,52
11,4,0,0,0,25,11,4,6,15,10,25
24,0,4,0,10,0,24,6,4,30,10,40
0,0,2,32,13,0,21,11,2,32,13,45
15,0,6,26,0,0,15,11,6,26,17,43
24,13,10,0,0,0,24,13,10,37,23,60
0,3,20,23,0,0,20,3,20,23,23,46
15,4,0,0,28,0,15,4,24,19,28,47
18,21,4,0,0,0,18,21,4,39,25,64
7,0,16,16,0,0,7,9,16,16,25,41
20,0,0,21,6,0,20,1,5,21,6,27
0,2,0,20,0,23,18,2,1,20,3,23
13,0,8,0,18,0,13,10,8,23,18,41
15,0,15,0,21,0,15,6,15,21,21,42
3,11,0,0,0,37,3,11,12,14,23,37
4,0,21,17,0,0,4,13,21,17,34,51
0,2,18,0,0,31,9,2,18,11,20,31
6,0,10,28,0,0,6,22,10,28,32,60
10,15,23,0,0,0,10,15,23,25,38,63
7,0,17,0,23,0,7,6,17,13,23,36
0,11,2,0,0,38,14,11,2,25,13,38
0,0,13,14,22,0,5,9,13,14,22,36
10,0,20,13,0,0,10,3,20,13,23,36
0,0,1,15,0,26,5,10,1,15,11,26
0,10,19,17,0,0,7,10,19,17,29,46
13,0,19,0,20,0,13,1,19,14,20,34
13,0,11,0,28,0,13,17,11,30,28,58
0,7,13,0,0,28,1,7,13,8,20,28
0,6,7,0,0,39,20,6,7,26,13,39
17,0,0,22,12,0,17,5,7,22,12,34
0,9,0,27,11,0,18,9,2,27,11,38
24,3,0,0,17,0,24,3,14,27,17,44
22,0,6,0,17,0,22,11,6,33,17,50
11,4,0,0,27,0,11,4,23,15,27,42
20,8,0,0,22,0,20,8,14,28,22,50
19,5,0,0,28,0,19,5,23,24,28,52
0,10,3,0,0,38,15,10,3,25,13,38
0,3,0,27,17,0,24,3,14,27,17,44
0,4,0,25,20,0,21,4,16,25,20,45
5,11,0,0,0,37,5,11,10,16,21,37
18,0,8,0,16,0,18,8,8,26,16,42
9,22,18,0,0,0,9,22,18,31,40,71
0,0,5,28,14,0,19,9,5,28,14,42
15,0,12,0,23,0,15,11,12,26,23,49
13,19,19,0,0,0,13,19,19,32,38,70
11,0,14,26,0,0,11,15,14,26,29,55
18,19,14,0,0,0,18,19,14,37,33,70
21,0,0,25,5,0,21,4,1,25,5,30
18,0,11,22,0,0,18,4,11,22,15,37
5,0,19,25,0,0,5,20,19,25,39,64
3,0,12,0,27,0,3,15,12,18,27,45
0,4,0,12,0,25,8,4,9,12,13,25
11,0,0,16,22,0,11,5,17,16,22,38
4,0,13,0,25,0,4,12,13,16,25,41
0,17,18,19,0,0,2,17,18,19,35,54
11,13,24,0,0,0,11,13,24,24,37,61
0,0,19,6,0,30,1,5,19,6,24,30
20,0,11,23,0,0,20,3,11,23,14,37
0,10,18,21,0,0,11,10,18,21,28,49
0,2,10,0,0,35,21,2,10,23,12,35
21,10,0,0,21,0,21,10,11,31,21,52
0,5,15,0,0,37,12,5,15,17,20,37
0,12,11,24,0,0,12,12,11,24,23,47
6,0,15,29,0,0,6,23,15,29,38,67
21,12,13,0,0,0,21,12,13,33,25,58
0,4,0,17,0,31,13,4,10,17,14,31
0,1,0,13,0,38,12,1,24,13,25,38
2,0,0,0,18,28,2,8,10,10,18,28
19,3,0,0,24,0,19,3,21,22,24,46
16,14,17,0,0,0,16,14,17,30,31,61
0,3,18,0,0,37,13,3,18,16,21,37
6,7,0,0,0,35,6,7,15,13,22,35
0,0,7,0,14,38,17,7,7,24,14,38
0,0,10,21,16,0,15,6,10,21,16,37
24,18,5,0,0,0,24,18,5,42,23,65
0,2,8,0,0,32,20,2,8,22,10,32
0,1,0,20,0,30,19,1,9,20,10,30
16,17,16,0,0,0,16,17,16,33,33,66
2,8,0,0,0,34,2,8,16,10,24,34
24,19,10,0,0,0,24,19,10,43,29,72
0,2,22,24,0,0,22,2,22,24,24,48
15,21,13,0,0,0,15,21,13,36,34,70
24,0,2,25,0,0,24,1,2,25,3,28
18,0,5,26,0,0,18,8,5,26,13,39
3,0,0,15,0,38,3,12,11,15,23,38
0,8,0,0,20,31,3,8,12,11,20,31
8,0,18,0,31,0,8,13,18,21,31,52
7,0,14,0,36,0,7,22,14,29,36,65
0,10,0,15,24,0,5,10,14,15,24,39
23,0,0,24,5,0,23,1,4,24,5,29
0,7,24,16,0,0,9,7,24,16,31,47
10,0,22,22,0,0,10,12,22,22,34,56
0,0,20,6,0,29,3,3,20,6,23,29
1,17,0,0,0,39,1,17,4,18,21,39
0,4,22,0,0,31,1,4,22,5,26,31
10,0,0,21,23,0,10,11,12,21,23,44
0,5,21,27,0,0,22,5,21,27,26,53
20,0,2,28,0,0,20,8,2,28,10,38
20,0,12,0,22,0,20,10,12,30,22,52
0,5,0,0,20,37,12,5,15,17,20,37
0,0,12,17,16,0,13,4,12,17,16,33
22,0,14,0,22,0,22,8,14,30,22,52
0,7,7,0,0,44,23,7,7,30,14,44
23,23,5,0,0,0,23,23,5,46,28,74
0,11,13,31,0,0,20,11,13,31,24,55
9,0,16,25,0,0,9,16,16,25,32,57
0,23,7,25,0,0,2,23,7,25,30,55
9,20,21,0,0,0,9,20,21,29,41,70
9,13,0,0,36,0,9,13,23,22,36,58
8,0,0,12,0,27,8,4,11,12,15,27
15,19,22,0,0,0,15,19,22,34,41,75
0,10,0,16,19,0,6,10,9,16,19,35
24,10,16,0,0,0,24,10,16,34,26,60
20,0,0,22,8,0,20,2,6,22,8,30
1,0,17,0,37,0,1,20,17,21,37,58
0,5,0,27,29,0,22,5,24,27,29,56
0,6,0,0,13,32,13,6,7,19,13,32
5,9,0,0,0,45,5,9,22,14,31,45
0,14,15,26,0,0,12,14,15,26,29,55
0,1,0,22,0,37,21,1,14,22,15,37
0,3,0,0,9,35,23,3,6,26,9,35
6,0,0,22,31,0,6,16,15,22,31,53
2,14,0,0,33,0,2,14,19,16,33,49
15,0,3,37,0,0,15,22,3,37,25,62
0,12,0,17,19,0,5,12,7,17,19,36
16,0,8,31,0,0,16,15,8,31,23,54
11,0,0,18,0,31,11,7,6,18,13,31
0,7,12,0,0,39,13,7,12,20,19,39
8,0,0,0,11,26,8,7,4,15,11,26
13,14,0,0,30,0,13,14,16,27,30,57
17,0,4,28,0,0,17,11,4,28,15,43
11,0,12,30,0,0,11,19,12,30,31,61
0,7,0,21,30,0,14,7,23,21,30,51
0,17,6,32,0,0,15,17,6,32,23,55
0,0,7,0,14,45,24,7,7,31,14,45
0,11,0,16,0,31,5,11,4,16,15,31
15,7,0,0,0,39,15,7,10,22,17,39
10,5,0,0,0,44,10,5,24,15,29,44
7,12,0,0,0,38,7,12,7,19,19,38
18,18,16,0,0,0,18,18,16,36,34,70
0,19,8,24,0,0,5,19,8,24,27,51
0,11,4,0,0,34,8,11,4,19,15,34
0,2,18,0,0,33,11,2,18,13,20,33
9,0,23,26,0,0,9,17,23,26,40,66
0,10,0,0,15,36,11,10,5,21,15,36
0,15,0,22,17,0,7,15,2,22,17,39
20,22,15,0,0,0,20,22,15,42,37,79
0,0,14,0,21,30,2,7,14,9,21,30
13,0,0,0,9,27,13,5,4,18,9,27
17,7,0,0,0,36,17,7,5,24,12,36
4,19,0,0,38,0,4,19,19,23,38,61
0,2,22,0,0,36,10,2,22,12,24,36
0,18,4,28,0,0,10,18,4,28,22,50
0,0,1,27,25,0,3,24,1,27,25,52
3,14,0,0,0,35,3,14,4,17,18,35
21,5,0,0,27,0,21,5,22,26,27,53
23,0,0,26,12,0,23,3,9,26,12,38
10,18,0,0,31,0,10,18,13,28,31,59
9,0,21,27,0,0,9,18,21,27,39,66
0,5,0,21,26,0,16,5,21,21,26,47
0,7,0,29,16,0,22,7,9,29,16,45
9,0,20,0,29,0,9,9,20,18,29,47
11,0,0,21,19,0,11,10,9,21,19,40
0,2,0,12,0,35,10,2,21,12,23,35
0,0,16,18,18,0,16,2,16,18,18,36
12,0,11,0,32,0,12,21,11,33,32,65
22,17,0,0,23,0,22,17,6,39,23,62
0,7,0,27,31,0,20,7,24,27,31,58
0,6,16,0,0,37,9,6,16,15,22,37
5,0,0,24,29,0,5,19,10,24,29,53
22,0,10,24,0,0,22,2,10,24,12,36
22,6,0,0,24,0,22,6,18,28,24,52
0,8,0,25,18,0,17,8,10,25,18,43
24,7,0,0,31,0,24,7,24,31,31,62
19,0,5,28,0,0,19,9,5,28,14,42
20,0,6,34,0,0,20,14,6,34,20,54
17,23,16,0,0,0,17,23,16,40,39,79
13,0,14,0,37,0,13,23,14,36,37,73
21,0,8,0,31,0,21,23,8,44,31,75
19,17,21,0,0,0,19,17,21,36,38,74
0,11,22,31,0,0,20,11,22,31,33,64
2,0,0,0,28,37,2,7,21,9,28,37
0,0,12,11,0,33,1,10,12,11,22,33
17,0,18,0,30,0,17,12,18,29,30,59
0,11,13,0,0,39,4,11,13,15,24,39
0,0,24,4,0,31,1,3,24,4,27,31
0,7,12,0,0,34,8,7,12,15,19,34
0,0,1,0,17,38,5,16,1,21,17,38
0,0,9,30,23,0,16,14,9,30,23,53
10,0,0,20,0,31,10,10,1,20,11,31
6,0,0,24,30,0,6,18,12,24,30,54
7,0,0,0,18,27,7,2,16,9,18,27
12,14,0,0,36,0,12,14,22,26,36,62
0,0,9,19,0,37,10,9,9,19,18,37
14,0,0,0,14,38,14,10,4,24,14,38
19,0,18,0,28,0,19,10,18,29,28,57
16,12,0,0,26,0,16,12,14,28,26,54
6,0,0,0,23,39,6,10,13,16,23,39
8,17,0,0,39,0,8,17,22,25,39,64
20,0,13,0,29,0,20,16,13,36,29,65
0,0,5,0,14,46,23,9,5,32,14,46
11,0,0,17,0,26,11,6,3,17,9,26
13,0,10,36,0,0,13,23,10,36,33,69
0,8,0,16,0,37,8,8,13,16,21,37
0,17,4,37,0,0,20,17,4,37,21,58
3,24,0,0,36,0,3,24,12,27,36,63
0,13,0,31,16,0,18,13,3,31,16,47
15,23,21,0,0,0,15,23,21,38,44,82
14,0,16,0,24,0,14,8,16,22,24,46
0,0,9,0,16,24,1,7,9,8,16,24
16,0,0,18,0,25,16,2,5,18,7,25
1,0,0,14,0,42,1,13,15,14,28,42
6,0,21,0,36,0,6,15,21,21,36,57
0,22,1,32,0,0,10,22,1,32,23,55
0,8,0,0,22,39,9,8,14,17,22,39
10,11,0,0,0,44,10,11,12,21,23,44
5,0,22,0,32,0,5,10,22,15,32,47
12,0,17,29,0,0,12,17,17,29,34,63
20,0,15,31,0,0,20,11,15,31,26,57
0,8,12,0,0,35,7,8,12,15,20,35
0,6,0,23,0,39,17,6,10,23,16,39
22,0,18,0,19,0,22,1,18,23,19,42
20,0,20,0,23,0,20,3,20,23,23,46
14,0,0,18,0,27,14,4,5,18,9,27
14,18,0,0,24,0,14,18,6,32,24,56
20,0,0,0,12,36,20,4,8,24,12,36
5,24,0,0,27,0,5,24,3,29,27,56
6,0,0,0,19,36,6,11,8,17,19,36
21,0,12,0,31,0,21,19,12,40,31,71
0,12,0,15,0,32,3,12,5,15,17,32
0,3,0,19,0,41,16,3,19,19,22,41
0,0,14,0,21,36,8,7,14,15,21,36
0,18,6,36,0,0,18,18,6,36,24,60
6,0,0,15,0,41,6,9,17,15,26,41
10,0,21,0,25,0,10,4,21,14,25,39
0,17,24,23,0,0,6,17,24,23,41,64
4,0,0,16,0,34,4,12,6,16,18,34
0,0,12,20,30,0,2,18,12,20,30,50
12,0,23,0,26,0,12,3,23,15,26,41
14,0,0,20,30,0,14,6,24,20,30,50
11,0,0,20,25,0,11,9,16,20,25,45
0,15,3,0,0,53,20,15,3,35,18,53
17,0,13,0,27,0,17,14,13,31,27,58
0,18,2,0,0,41,3,18,2,21,20,41
24,0,14,0,31,0,24,17,14,41,31,72
8,0,17,0,32,0,8,15,17,23,32,55
0,2,13,0,0,40,23,2,13,25,15,40
10,0,0,13,0,34,10,3,18,13,21,34
20,0,14,28,0,0,20,8,14,28,22,50
21,22,0,0,23,0,21,22,1,43,23,66
0,10,0,0,16,37,11,10,6,21,16,37
0,5,20,0,0,32,2,5,20,7,25,32
0,17,0,31,23,0,14,17,6,31,23,54
0,8,0,27,26,0,19,8,18,27,26,53
14,23,0,0,31,0,14,23,8,37,31,68
0,11,0,33,16,0,22,11,5,33,16,49
0,15,12,39,0,0,24,15,12,39,27,66
15,0,22,30,0,0,15,15,22,30,37,67
0,17,0,22,31,0,5,17,14,22,31,53
1,0,0,0,27,37,1,9,18,10,27,37
23,14,24,0,0,0,23,14,24,37,38,75
0,10,0,0,16,36,10,10,6,20,16,36
0,21,15,28,0,0,7,21,15,28,36,64
23,21,23,0,0,0,23,21,23,44,44,88
24,0,12,25,0,0,24,1,12,25,13,38
0,16,6,0,0,46,8,16,6,24,22,46
11,0,0,13,0,34,11,2,19,13,21,34
20,4,0,0,0,34,20,4,6,24,10,34
17,0,0,22,0,31,17,5,4,22,9,31
13,0,0,17,0,36,13,4,15,17,19,36
17,23,0,0,29,0,17,23,6,40,29,69
13,0,12,37,0,0,13,24,12,37,36,73
0,20,11,32,0,0,12,20,11,32,31,63
0,0,4,36,16,0,24,12,4,36,16,52
18,0,0,29,21,0,18,11,10,29,21,50
0,10,0,26,25,0,16,10,15,26,25,51
0,12,11,0,0,46,11,12,11,23,23,46
0,11,0,13,0,44,2,11,20,13,31,44
19,0,7,42,0,0,19,23,7,42,30,72
0,18,5,36,0,0,18,18,5,36,23,59
0,0,5,0,22,45,6,17,5,23,22,45
7,0,0,15,0,43,7,8,20,15,28,43
0,21,7,43,0,0,22,21,7,43,28,71
2,0,0,0,26,36,2,8,18,10,26,36
20,21,24,0,0,0,20,21,24,41,45,86
0,4,0,0,17,45,24,4,13,28,17,45
0,0,9,0,15,41,20,6,9,26,15,41
0,13,11,0,0,40,3,13,11,16,24,40
0,8,0,31,25,0,23,8,17,31,25,56
17,19,0,0,27,0,17,19,8,36,27,63
0,16,21,25,0,0,9,16,21,25,37,62
23,4,0,0,0,35,23,4,4,27,8,35
0,5,0,0,20,43,18,5,15,23,20,43
0,6,0,14,0,43,8,6,23,14,29,43
7,18,0,0,0,45,7,18,2,25,20,45
23,0,9,35,0,0,23,12,9,35,21,56
24,23,22,0,0,0,24,23,22,47,45,92
0,4,23,0,0,45,14,4,23,18,27,45
0,9,18,0,0,47,11,9,18,20,27,47
0,20,7,43,0,0,23,20,7,43,27,70
0,0,21,18,30,0,9,9,21,18,30,48
15,0,20,0,26,0,15,6,20,21,26,47
0,0,6,0,23,41,1,17,6,18,23,41
0,15,0,39,21,0,24,15,6,39,21,60
0,16,0,17,36,0,1,16,20,17,36,53
0,10,13,0,0,44,11,10,13,21,23,44
0,6,0,30,27,0,24,6,21,30,27,57
20,0,0,28,20,0,20,8,12,28,20,48
3,17,0,0,0,53,3,17,16,20,33,53
0,13,1,0,0,49,22,13,1,35,14,49
0,16,20,31,0,0,15,16,20,31,36,67
0,16,4,0,0,41,5,16,4,21,20,41
0,0,1,0,17,46,13,16,1,29,17,46
18,0,14,0,33,0,18,19,14,37,33,70
0,10,0,0,22,35,3,10,12,13,22,35
12,23,0,0,37,0,12,23,14,35,37,72
7,0,0,14,0,42,7,7,21,14,28,42
15,0,0,0,17,37,15,5,12,20,17,37
0,14,0,25,31,0,11,14,17,25,31,56
0,0,10,26,0,38,24,2,10,26,12,38
17,0,0,0,14,44,17,13,1,30,14,44
15,0,19,0,32,0,15,13,19,28,32,60
19,0,20,0,31,0,19,11,20,30,31,61
16,0,23,0,27,0,16,4,23,20,27,47
0,15,0,34,17,0,19,15,2,34,17,51
0,0,15,25,25,0,15,10,15,25,25,50
0,18,24,20,0,0,2,18,24,20,42,62
1,0,21,0,40,0,1,19,21,20,40,60
0,0,19,0,22,36,11,3,19,14,22,36
0,0,13,0,18,26,3,5,13,8,18,26
0,0,17,24,19,0,22,2,17,24,19,43
0,0,4,0,20,42,6,16,4,22,20,42
16,0,17,33,0,0,16,17,17,33,34,67
8,0,19,0,40,0,8,21,19,29,40,69
0,5,0,0,19,47,23,5,14,28,19,47
0,11,0,14,0,43,3,11,18,14,29,43
0,12,0,0,15,40,13,12,3,25,15,40
24,0,2,46,0,0,24,22,2,46,24,70
6,17,0,0,0,42,6,17,2,23,19,42
21,0,0,31,16,0,21,10,6,31,16,47
0,11,0,28,24,0,17,11,13,28,24,52
16,16,0,0,32,0,16,16,16,32,32,64
22,0,12,34,0,0,22,12,12,34,24,58
0,5,0,0,29,45,11,5,24,16,29,45
3,0,24,0,44,0,3,20,24,23,44,67
0,0,11,0,16,45,24,5,11,29,16,45
0,23,15,33,0,0,10,23,15,33,38,71
9,0,0,0,22,47,9,16,6,25,22,47
5,0,0,0,27,39,5,7,20,12,27,39
3,0,0,0,28,46,3,15,13,18,28,46
6,10,0,0,0,48,6,10,22,16,32,48
17,9,0,0,0,40,17,9,5,26,14,40
3,12,0,0,0,51,3,12,24,15,36,51
0,14,9,0,0,41,4,14,9,18,23,41
0,7,0,30,0,38,23,7,1,30,8,38
24,21,24,0,0,0,24,21,24,45,45,90
0,0,21,8,0,33,4,4,21,8,25,33
14,0,0,31,25,0,14,17,8,31,25,56
0,0,15,17,0,45,4,13,15,17,28,45
0,19,2,0,0,48,8,19,2,27,21,48
0,0,9,26,0,38,23,3,9,26,12,38
14,0,0,0,21,45,14,10,11,24,21,45
0,0,4,32,26,0,10,22,4,32,26,58
21,0,0,27,30,0,21,6,24,27,30,57
0,0,13,0,22,35,4,9,13,13,22,35
0,10,14,0,0,52,18,10,14,28,24,52
0,16,14,40,0,0,24,16,14,40,30,70
0,7,0,0,22,53,24,7,15,31,22,53
21,0,0,0,11,33,21,1,10,22,11,33
0,0,7,0,19,41,10,12,7,22,19,41
14,0,0,30,25,0,14,16,9,30,25,55
17,0,0,0,17,39,17,5,12,22,17,39
0,9,0,21,0,47,12,9,17,21,26,47
22,0,0,36,15,0,22,14,1,36,15,51
0,11,0,27,34,0,16,11,23,27,34,61
2,0,0,21,0,53,2,19,13,21,32,53
0,14,0,36,22,0,22,14,8,36,22,58
0,14,0,38,16,0,24,14,2,38,16,54
16,0,19,0,35,0,16,16,19,32,35,67
23,0,11,42,0,0,23,19,11,42,30,72
0,0,9,19,0,43,4,15,9,19,24,43
19,0,0,30,29,0,19,11,18,30,29,59
18,0,23,0,38,0,18,15,23,33,38,71
19,0,0,0,14,41,19,8,6,27,14,41
5,0,20,0,42,0,5,22,20,27,42,69
18,0,0,25,25,0,18,7,18,25,25,50
0,4,22,0,0,53,23,4,22,27,26,53
0,0,17,23,38,0,2,21,17,23,38,61
0,22,18,33,0,0,11,22,18,33,40,73
6,0,21,0,41,0,6,20,21,26,41,67
0,0,3,30,0,41,22,8,3,30,11,41
22,0,0,0,12,41,22,7,5,29,12,41
0,21,0,29,28,0,8,21,7,29,28,57
10,8,0,0,0,50,10,8,24,18,32,50
0,0,15,23,0,44,17,6,15,23,21,44
0,0,8,25,0,35,23,2,8,25,10,35
4,18,0,0,0,54,4,18,14,22,32,54
0,0,5,0,23,53,12,18,5,30,23,53
0,0,7,20,0,43,4,16,7,20,23,43
10,0,0,20,0,44,10,10,14,20,24,44
0,9,0,27,0,46,18,9,10,27,19,46
0,9,0,0,16,42,17,9,7,26,16,42
0,24,5,40,0,0,16,24,5,40,29,69
0,19,0,26,36,0,7,19,17,26,36,62
0,18,0,28,29,0,10,18,11,28,29,57
0,14,0,16,0,44,2,14,14,16,28,44
11,0,22,0,40,0,11,18,22,29,40,69
16,0,18,40,0,0,16,24,18,40,42,82
0,0,14,0,24,38,4,10,14,14,24,38
21,0,18,0,34,0,21,16,18,37,34,71
0,0,16,16,0,35,13,3,16,16,19,35
11,0,0,30,32,0,11,19,13,30,32,62
0,0,11,39,27,0,23,16,11,39,27,66
15,17,0,0,41,0,15,17,24,32,41,73
0,21,19,36,0,0,15,21,19,36,40,76
0,0,17,0,22,34,7,5,17,12,22,34
0,0,14,0,23,40,8,9,14,17,23,40
0,20,12,42,0,0,22,20,12,42,32,74
21,17,0,0,35,0,21,17,18,38,35,73
0,0,24,23,26,0,21,2,24,23,26,49
13,0,19,0,42,0,13,23,19,36,42,78
0,8,12,0,0,48,20,8,12,28,20,48
23,0,0,0,14,46,23,9,5,32,14,46
0,0,7,0,22,48,11,15,7,26,22,48
14,0,0,38,29,0,14,24,5,38,29,67
21,0,0,31,31,0,21,10,21,31,31,62
10,16,0,0,0,52,10,16,10,26,26,52
13,10,0,0,0,49,13,10,16,23,26,49
0,16,14,0,0,53,7,16,14,23,30,53
20,0,0,33,19,0,20,13,6,33,19,52
0,0,8,24,0,45,11,13,8,24,21,45
0,15,0,0,16,46,15,15,1,30,16,46
0,0,15,0,21,42,15,6,15,21,21,42
0,10,0,0,24,35,1,10,14,11,24,35
0,0,23,0,26,31,2,3,23,5,26,31
0,18,0,21,32,0,3,18,14,21,32,53
16,0,0,32,30,0,16,16,14,32,30,62
0,6,18,0,0,51,21,6,18,27,24,51
0,18,0,22,33,0,4,18,15,22,33,55
20,22,0,0,39,0,20,22,17,42,39,81
0,12,8,0,0,50,18,12,8,30,20,50
19,0,0,0,22,44,19,3,19,22,22,44
6,0,0,28,45,0,6,22,23,28,45,73
0,5,0,0,25,40,10,5,20,15,25,40
0,12,0,15,0,48,3,12,21,15,33,48
6,18,0,0,0,48,6,18,6,24,24,48
15,0,0,0,20,42,15,7,13,22,20,42
21,0,0,0,14,42,21,7,7,28,14,42
0,22,0,35,28,0,13,22,6,35,28,63
0,21,1,0,0,61,18,21,1,39,22,61
0,0,24,25,31,0,18,7,24,25,31,56
20,0,0,31,27,0,20,11,16,31,27,58
0,0,1,0,18,51,16,17,1,33,18,51
10,0,0,31,45,0,10,21,24,31,45,76
14,22,0,0,46,0,14,22,24,36,46,82
0,0,22,27,39,0,10,17,22,27,39,66
15,0,24,0,34,0,15,10,24,25,34,59
0,18,0,30,27,0,12,18,9,30,27,57
1,0,0,24,0,54,1,23,7,24,30,54
0,8,0,0,28,43,7,8,20,15,28,43
15,0,0,33,26,0,15,18,8,33,26,59
3,0,0,0,30,54,3,21,9,24,30,54
0,6,0,0,30,42,6,6,24,12,30,42
24,0,0,0,13,42,24,5,8,29,13,42
19,0,18,0,41,0,19,23,18,42,41,83
16,19,0,0,42,0,16,19,23,35,42,77
24,7,0,0,0,55,24,7,17,31,24,55
0,0,7,0,18,48,19,11,7,30,18,48
0,23,5,0,0,54,3,23,5,26,28,54
0,0,19,29,37,0,11,18,19,29,37,66
1,0,0,23,0,62,1,22,17,23,39,62
20,21,0,0,44,0,20,21,23,41,44,85
18,0,0,19,0,42,18,1,22,19,23,42
0,0,11,0,28,53,8,17,11,25,28,53
1,0,0,20,0,60,1,19,21,20,40,60
0,8,0,24,0,40,16,8,8,24,16,40
0,23,0,24,36,0,1,23,13,24,36,60
24,0,24,28,0,0,24,4,24,28,28,56
16,0,0,31,33,0,16,15,18,31,33,64
0,0,12,43,31,0,24,19,12,43,31,74
0,17,10,0,0,63,19,17,10,36,27,63
0,7,0,0,28,49,14,7,21,21,28,49
0,0,5,26,0,55,2,24,5,26,29,55
19,0,0,39,31,0,19,20,11,39,31,70
0,0,18,32,27,0,23,9,18,32,27,59
0,13,0,21,0,53,8,13,19,21,32,53
0,18,23,41,0,0,23,18,23,41,41,82
0,0,5,30,0,43,22,8,5,30,13,43
10,0,0,0,27,44,10,7,20,17,27,44
0,0,7,30,0,53,14,16,7,30,23,53
0,0,22,0,24,39,13,2,22,15,24,39
11,20,0,0,0,54,11,20,3,31,23,54
24,0,0,41,21,0,24,17,4,41,21,62
0,15,0,23,0,52,8,15,14,23,29,52
0,19,0,33,27,0,14,19,8,33,27,60
10,17,0,0,0,60,10,17,16,27,33,60
0,0,24,23,33,0,14,9,24,23,33,56
0,0,21,12,0,40,5,7,21,12,28,40
16,0,0,36,25,0,16,20,5,36,25,61
22,0,0,0,23,46,22,1,22,23,23,46
1,24,0,0,0,63,1,24,14,25,38,63
19,0,24,0,35,0,19,11,24,30,35,65
6,0,0,25,0,49,6,19,5,25,24,49
17,0,0,36,24,0,17,19,5,36,24,60
18,0,0,32,27,0,18,14,13,32,27,59
0,6,0,30,0,53,24,6,17,30,23,53
0,0,15,32,33,0,14,18,15,32,33,65
0,0,2,34,0,49,21,13,2,34,15,49
17,0,0,0,19,40,17,4,15,21,19,40
0,17,8,0,0,62,20,17,8,37,25,62
0,24,21,38,0,0,14,24,21,38,45,83
23,6,0,0,0,50,23,6,15,29,21,50
0,0,9,0,17,48,23,8,9,31,17,48
0,0,15,38,39,0,14,24,15,38,39,77
0,11,22,0,0,50,6,11,22,17,33,50
0,0,23,16,0,40,15,1,23,16,24,40
0,14,0,0,25,47,8,14,11,22,25,47
9,0,0,28,42,0,9,19,23,28,42,70
13,0,0,34,44,0,13,21,23,34,44,78
0,20,20,40,0,0,20,20,20,40,40,80
0,19,0,43,24,0,24,19,5,43,24,67
24,0,0,0,13,48,24,11,2,35,13,48
0,0,1,30,0,51,10,20,1,30,21,51
19,0,0,38,27,0,19,19,8,38,27,65
17,0,0,0,20,51,17,14,6,31,20,51
0,0,23,0,27,38,7,4,23,11,27,38
0,0,17,32,37,0,12,20,17,32,37,69
15,13,0,0,0,57,15,13,16,28,29,57
0,23,2,0,0,71,23,23,2,46,25,71
8,20,0,0,0,62,8,20,14,28,34,62
20,0,20,0,42,0,20,22,20,42,42,84
0,0,5,28,0,55,6,22,5,28,27,55
18,13,0,0,0,63,18,13,19,31,32,63
24,0,23,40,0,0,24,16,23,40,39,79
0,21,9,0,0,60,9,21,9,30,30,60
0,10,0,0,29,48,9,10,19,19,29,48
0,0,15,0,27,40,1,12,15,13,27,40
0,15,0,21,0,48,6,15,12,21,27,48
0,23,21,47,0,0,24,23,21,47,44,91
0,0,12,0,18,48,24,6,12,30,18,48
16,0,0,36,38,0,16,20,18,36,38,74
16,0,0,22,0,49,16,6,21,22,27,49
7,21,0,0,0,59,7,21,10,28,31,59
0,9,24,0,0,61,19,9,24,28,33,61
0,17,0,22,0,48,5,17,9,22,26,48
0,16,0,28,0,47,12,16,3,28,19,47
24,0,0,0,21,52,24,7,14,31,21,52
0,0,3,35,0,60,13,22,3,35,25,60
8,20,0,0,0,56,8,20,8,28,28,56
0,0,14,26,0,48,18,8,14,26,22,48
0,19,0,34,35,0,15,19,16,34,35,69
16,0,0,22,0,51,16,6,23,22,29,51
0,14,17,0,0,60,15,14,17,29,31,60
0,0,4,0,24,60,16,20,4,36,24,60
0,0,9,0,29,50,1,20,9,21,29,50
8,0,0,24,0,61,8,16,21,24,37,61
0,23,4,0,0,69,19,23,4,42,27,69
12,20,0,0,0,62,12,20,10,32,30,62
0,24,0,37,25,0,13,24,1,37,25,62
0,0,19,26,0,55,16,10,19,26,29,55
10,0,0,0,26,49,10,13,13,23,26,49
0,0,5,29,0,50,13,16,5,29,21,50
0,0,21,39,37,0,23,16,21,39,37,76
0,0,23,0,25,47,20,2,23,22,25,47
7,22,0,0,0,58,7,22,7,29,29,58
0,19,14,0,0,58,6,19,14,25,33,58
0,24,2,0,0,65,15,24,2,39,26,65
0,0,11,0,24,61,24,13,11,37,24,61
0,24,0,28,33,0,4,24,9,28,33,61
0,20,0,37,38,0,17,20,18,37,38,75
2,0,0,0,38,60,2,20,18,22,38,60
12,0,0,0,30,50,12,8,22,20,30,50
22,0,0,0,21,50,22,7,14,29,21,50
0,12,0,0,30,50,8,12,18,20,30,50
0,22,11,0,0,59,4,22,11,26,33,59
20,0,0,0,21,60,20,19,2,39,21,60
17,0,0,34,41,0,17,17,24,34,41,75
10,0,0,28,0,51,10,18,5,28,23,51
0,0,22,21,0,48,16,5,22,21,27,48
23,0,0,0,23,48,23,2,21,25,23,48
0,21,0,28,40,0,7,21,19,28,40,68
0,16,0,36,35,0,20,16,19,36,35,71
20,0,0,30,0,43,20,10,3,30,13,43
0,14,0,0,28,61,19,14,14,33,28,61
18,0,24,0,48,0,18,24,24,42,48,90
0,22,16,0,0,61,1,22,16,23,38,61
0,17,0,0,22,58,19,17,5,36,22,58
0,21,0,22,0,61,1,21,18,22,39,61
0,17,17,0,0,59,8,17,17,25,34,59
0,16,21,0,0,60,7,16,21,23,37,60
11,0,0,30,0,60,11,19,11,30,30,60
0,0,10,29,0,62,6,23,10,29,33,62
14,0,0,29,0,48,14,15,4,29,19,48
4,0,0,0,38,62,4,20,18,24,38,62
0,23,8,0,0,68,14,23,8,37,31,68
0,0,8,0,28,58,10,20,8,30,28,58
0,22,10,0,0,71,17,22,10,39,32,71
17,13,0,0,0,65,17,13,22,30,35,65
0,9,0,32,0,50,23,9,9,32,18,50
18,0,0,35,0,53,18,17,1,35,18,53
0,11,0,0,35,55,9,11,24,20,35,55
18,0,0,41,35,0,18,23,12,41,35,76
0,23,0,45,36,0,22,23,13,45,36,81
5,0,0,0,36,58,5,17,19,22,36,58
0,22,0,0,24,52,6,22,2,28,24,52
0,0,14,30,0,62,12,18,14,30,32,62
0,12,0,0,28,58,18,12,16,30,28,58
8,0,0,31,0,69,8,23,15,31,38,69
8,0,0,27,0,65,8,19,19,27,38,65
0,24,5,0,0,65,12,24,5,36,29,65
22,20,0,0,0,63,22,20,1,42,21,63
23,18,0,0,0,62,23,18,3,41,21,62
19,0,0,0,23,58,19,16,7,35,23,58
0,24,24,48,0,0,24,24,24,48,48,96
0,0,24,0,31,52,14,7,24,21,31,52
0,17,0,25,0,57,8,17,15,25,32,57
12,0,0,28,0,62,12,16,18,28,34,62
23,0,0,24,0,49,23,1,24,24,25,49
0,0,18,41,40,0,19,22,18,41,40,81
0,16,0,0,26,61,19,16,10,35,26,61
0,0,10,0,34,60,2,24,10,26,34,60
0,0,21,43,44,0,20,23,21,43,44,87
24,0,0,0,22,56,24,10,12,34,22,56
0,0,21,0,25,49,20,4,21,24,25,49
0,15,22,0,0,67,15,15,22,30,37,67
14,0,0,0,26,57,14,17,9,31,26,57
0,15,23,0,0,64,11,15,23,26,38,64
19,0,0,32,0,55,19,13,10,32,23,55
0,13,0,29,0,59,16,13,17,29,30,59
20,0,0,31,0,61,20,11,19,31,30,61
0,0,19,0,30,59,18,11,19,29,30,59
21,16,0,0,0,70,21,16,17,37,33,70
23,0,0,35,0,55,23,12,8,35,20,55
22,0,0,31,0,50,22,9,10,31,19,50
12,0,0,32,0,63,12,20,11,32,31,63
21,0,0,28,0,51,21,7,16,28,23,51
0,0,16,47,40,0,23,24,16,47,40,87
11,0,0,0,31,65,11,23,8,34,31,65
0,12,24,0,0,70,22,12,24,34,36,70
14,0,0,0,25,58,14,19,6,33,25,58
11,0,0,28,0,69,11,17,24,28,41,69
0,0,4,40,0,63,21,19,4,40,23,63
23,0,0,33,0,55,23,10,12,33,22,55
23,0,0,0,25,50,23,2,23,25,25,50
0,0,1,41,0,59,24,17,1,41,18,59
0,21,18,0,0,66,6,21,18,27,39,66
0,18,0,0,36,60,6,18,18,24,36,60
11,0,0,0,35,63,11,17,18,28,35,63
23,0,0,35,0,48,23,12,1,35,13,48
24,0,0,0,23,68,24,21,2,45,23,68
0,0,16,0,37,60,2,21,16,23,37,60
0,0,19,0,33,51,4,14,19,18,33,51
0,22,0,26,0,56,4,22,8,26,30,56
0,11,0,31,0,66,20,11,24,31,35,66
22,0,0,45,45,0,22,23,22,45,45,90
0,0,7,0,29,74,23,22,7,45,29,74
19,0,0,30,0,56,19,11,15,30,26,56
16,0,0,0,29,65,16,20,9,36,29,65
0,16,0,0,38,63,9,16,22,25,38,63
0,0,11,0,33,58,3,22,11,25,33,58
0,21,0,45,40,0,24,21,19,45,40,85
18,18,0,0,0,76,18,18,22,36,40,76
0,0,15,0,36,68,11,21,15,32,36,68
0,0,10,0,27,66,22,17,10,39,27,66
0,0,7,0,31,75,20,24,7,44,31,75
0,0,20,0,33,54,8,13,20,21,33,54
0,0,23,0,30,58,21,7,23,28,30,58
19,0,0,31,0,58,19,12,15,31,27,58
19,20,0,0,0,67,19,20,8,39,28,67
20,0,0,44,40,0,20,24,16,44,40,84
14,0,0,0,35,63,14,14,21,28,35,63
0,20,20,0,0,65,5,20,20,25,40,65
0,20,22,0,0,67,5,20,22,25,42,67
23,0,0,32,0,48,23,9,7,32,16,48
0,14,0,0,35,60,11,14,21,25,35,60
23,0,0,0,24,57,23,10,14,33,24,57
24,0,0,0,26,60,24,10,16,34,26,60
17,0,0,0,31,70,17,22,9,39,31,70
0,19,0,0,37,57,1,19,18,20,37,57
0,14,0,0,33,57,10,14,19,24,33,57
0,17,0,0,33,62,12,17,16,29,33,62
0,14,0,0,32,56,10,14,18,24,32,56
0,21,0,34,0,62,13,21,7,34,28,62
0,0,24,0,36,51,3,12,24,15,36,51
0,17,0,0,25,65,23,17,8,40,25,65
0,20,0,33,0,63,13,20,10,33,30,63
0,21,0,0,29,65,15,21,8,36,29,65
0,17,0,0,31,66,18,17,14,35,31,66
20,17,0,0,0,75,20,17,21,37,38,75
0,15,0,0,36,65,14,15,21,29,36,65
13,0,0,0,36,64,13,15,21,28,36,64
20,18,0,0,0,78,20,18,22,38,40,78
0,22,0,26,0,70,4,22,22,26,44,70
0,14,0,34,0,70,20,14,22,34,36,70
20,0,0,32,0,56,20,12,12,32,24,56
17,0,0,0,33,59,17,9,24,26,33,59
0,18,0,0,39,59,2,18,21,20,39,59
0,23,0,29,0,68,6,23,16,29,39,68
14,23,0,0,0,84,14,23,24,37,47,84
9,0,0,0,40,69,9,20,20,29,40,69
0,0,18,0,34,58,8,16,18,24,34,58
19,0,0,32,0,58,19,13,13,32,26,58
0,0,24,0,34,48,4,10,24,14,34,48
0,14,0,34,0,67,20,14,19,34,33,67
0,14,0,0,37,67,16,14,23,30,37,67
0,20,0,0,31,67,16,20,11,36,31,67
11,0,0,32,0,77,11,21,24,32,45,77
0,0,11,0,32,76,23,21,11,44,32,76
19,0,0,37,0,59,19,18,4,37,22,59
0,0,14,0,34,64,10,20,14,30,34,64
0,0,10,0,34,76,18,24,10,42,34,76
13,0,0,35,0,79,13,22,22,35,44,79
0,0,22,0,32,58,16,10,22,26,32,58
0,24,16,0,0,73,9,24,16,33,40,73
2,0,0,0,43,67,2,22,21,24,43,67
0,0,5,40,0,67,18,22,5,40,27,67
20,0,0,0,32,69,20,17,15,37,32,69
0,18,0,0,32,71,21,18,14,39,32,71
0,17,23,0,0,81,24,17,23,41,40,81
0,0,21,0,37,68,15,16,21,31,37,68
0,0,22,32,0,70,16,16,22,32,38,70
8,0,0,32,0,74,8,24,18,32,42,74
0,0,21,33,0,71,16,17,21,33,38,71
0,21,0,0,31,73,21,21,10,42,31,73
11,0,0,0,44,77,11,22,22,33,44,77
0,0,18,0,37,79,23,19,18,42,37,79
0,0,12,36,0,67,17,19,12,36,31,67
0,21,0,34,0,66,13,21,11,34,32,66
0,23,0,26,0,72,3,23,23,26,46,72
17,0,0,0,33,67,17,17,16,34,33,67
0,0,21,0,33,68,23,12,21,35,33,68
0,0,15,42,0,77,22,20,15,42,35,77
0,0,17,35,0,73,14,21,17,35,38,73
20,0,0,0,38,76,20,18,20,38,38,76
0,24,0,0,38,65,3,24,14,27,38,65
17,0,0,0,38,73,17,18,20,35,38,73
0,0,15,0,33,75,24,18,15,42,33,75
0,20,0,36,0,65,16,20,9,36,29,65
21,0,0,0,27,72,21,24,3,45,27,72
0,23,22,0,0,82,14,23,22,37,45,82
0,22,22,0,0,83,17,22,22,39,44,83
0,23,0,0,37,79,19,23,14,42,37,79
0,18,0,0,42,68,8,18,24,26,42,68
0,22,0,31,0,74,9,22,21,31,43,74
19,0,0,41,0,67,19,22,4,41,26,67
24,0,0,0,32,66,24,10,22,34,32,66
0,0,9,46,0,78,23,23,9,46,32,78
0,0,20,0,36,75,23,16,20,39,36,75
0,24,0,0,39,77,14,24,15,38,39,77
0,0,22,0,39,72,16,17,22,33,39,72
18,0,0,40,0,66,18,22,4,40,26,66
21,0,0,0,38,75,21,16,22,37,38,75
0,0,21,0,37,72,19,16,21,35,37,72
0,22,0,0,38,72,12,22,16,34,38,72
20,0,0,37,0,73,20,17,19,37,36,73
0,23,0,0,43,68,2,23,20,25,43,68
0,24,0,0,42,69,3,24,18,27,42,69
0,24,0,28,0,74,4,24,22,28,46,74
0,20,0,42,0,73,22,20,11,42,31,73
0,22,22,0,0,90,24,22,22,46,44,90
0,0,20,40,0,79,21,19,20,40,39,79
0,23,0,45,0,77,22,23,9,45,32,77
15,0,0,0,44,83,15,24,20,39,44,83
0,23,0,0,45,75,7,23,22,30,45,75
0,17,0,41,0,81,24,17,23,41,40,81
0,20,0,40,0,74,20,20,14,40,34,74
23,0,0,43,0,87,23,20,24,43,44,87
0,24,0,0,44,86,18,24,20,42,44,86
0,19,0,0,43,86,24,19,24,43,43,86
0,0,24,38,0,80,20,18,24,38,42,80
0,0,22,0,46,82,12,24,22,36,46,82
0,22,0,44,0,74,22,22,8,44,30,74
24,0,0,0,40,87,24,23,17,47,40,87
0,22,0,46,0,87,24,22,19,46,41,87
24,0,0,0,44,92,24,24,20,48,44,92
0,24,0,46,0,82,22,24,12,46,36,82
24,0,0,0,44,90,24,22,22,46,44,90
0,24,0,41,0,88,17,24,23,41,47,88